1.438000000000000000e+05
9.830000000000000000e+04
5.000010000000000000e+05
1.952000000000000000e+05
3.692000000000000000e+05
9.580000000000000000e+04
5.000010000000000000e+05
2.748000000000000000e+05
2.184000000000000000e+05
1.866000000000000000e+05
1.841000000000000000e+05
4.170000000000000000e+05
1.875000000000000000e+05
2.058000000000000000e+05
1.834000000000000000e+05
3.184000000000000000e+05
5.420000000000000000e+04
1.568000000000000000e+05
7.200000000000000000e+04
1.042000000000000000e+05
1.642000000000000000e+05
2.560000000000000000e+05
1.898000000000000000e+05
2.130000000000000000e+05
9.610000000000000000e+04
1.925000000000000000e+05
2.441000000000000000e+05
9.420000000000000000e+04
1.469000000000000000e+05
1.432000000000000000e+05
1.320000000000000000e+05
9.670000000000000000e+04
6.700000000000000000e+04
9.450000000000000000e+04
3.340000000000000000e+05
1.569000000000000000e+05
2.819000000000000000e+05
1.563000000000000000e+05
1.338000000000000000e+05
1.572000000000000000e+05
1.926000000000000000e+05
9.660000000000000000e+04
9.780000000000000000e+04
1.631000000000000000e+05
1.656000000000000000e+05
1.250000000000000000e+05
1.433000000000000000e+05
2.688000000000000000e+05
2.320000000000000000e+05
3.429000000000000000e+05
9.530000000000000000e+04
1.958000000000000000e+05
2.759000000000000000e+05
1.545000000000000000e+05
1.500000000000000000e+05
4.429000000000000000e+05
7.150000000000000000e+04
1.992000000000000000e+05
1.655000000000000000e+05
1.653000000000000000e+05
3.500000000000000000e+05
2.192000000000000000e+05
1.190000000000000000e+05
2.750000000000000000e+05
3.171000000000000000e+05
7.350000000000000000e+04
2.454000000000000000e+05
4.670000000000000000e+04
1.879000000000000000e+05
2.107000000000000000e+05
1.042000000000000000e+05
1.933000000000000000e+05
1.234000000000000000e+05
5.960000000000000000e+04
1.539000000000000000e+05
1.789000000000000000e+05
3.181000000000000000e+05
1.051000000000000000e+05
1.663000000000000000e+05
1.875000000000000000e+05
1.526000000000000000e+05
1.974000000000000000e+05
1.917000000000000000e+05
7.920000000000000000e+04
4.950000000000000000e+04
1.675000000000000000e+05
9.950000000000000000e+04
3.300000000000000000e+05
9.110000000000000000e+04
1.414000000000000000e+05
3.617000000000000000e+05
2.221000000000000000e+05
3.081000000000000000e+05
2.865000000000000000e+05
9.000000000000000000e+04
2.493000000000000000e+05
8.700000000000000000e+04
7.940000000000000000e+04
2.480000000000000000e+05
9.790000000000000000e+04
1.310000000000000000e+05
6.600000000000000000e+04
5.000000000000000000e+05
2.720000000000000000e+05
2.611000000000000000e+05
1.918000000000000000e+05
1.468000000000000000e+05
3.500000000000000000e+05
2.789000000000000000e+05
6.680000000000000000e+04
2.719000000000000000e+05
1.838000000000000000e+05
9.550000000000000000e+04
2.125000000000000000e+05
4.628000000000000000e+05
1.688000000000000000e+05
1.613000000000000000e+05
1.852000000000000000e+05
2.128000000000000000e+05
5.000010000000000000e+05
2.952000000000000000e+05
1.280000000000000000e+05
4.239000000000000000e+05
1.083000000000000000e+05
2.353000000000000000e+05
4.797000000000000000e+05
1.238000000000000000e+05
1.373000000000000000e+05
5.000010000000000000e+05
1.792000000000000000e+05
2.833000000000000000e+05
5.510000000000000000e+04
5.000010000000000000e+05
5.000010000000000000e+05
1.757000000000000000e+05
2.478000000000000000e+05
2.018000000000000000e+05
2.051000000000000000e+05
1.313000000000000000e+05
2.726000000000000000e+05
3.304000000000000000e+05
1.804000000000000000e+05
1.114000000000000000e+05
5.500000000000000000e+04
1.880000000000000000e+05
1.260000000000000000e+05
1.668000000000000000e+05
5.000010000000000000e+05
1.657000000000000000e+05
2.355000000000000000e+05
2.500000000000000000e+04
1.896000000000000000e+05
1.514000000000000000e+05
2.332000000000000000e+05
1.902000000000000000e+05
2.420000000000000000e+05
3.846000000000000000e+05
5.510000000000000000e+04
1.743000000000000000e+05
2.875000000000000000e+05
1.063000000000000000e+05
1.590000000000000000e+05
7.280000000000000000e+04
2.557000000000000000e+05
1.375000000000000000e+05
1.423000000000000000e+05
2.484000000000000000e+05
1.166000000000000000e+05
1.714000000000000000e+05
1.469000000000000000e+05
1.427000000000000000e+05
7.070000000000000000e+04
2.233000000000000000e+05
1.843000000000000000e+05
2.118000000000000000e+05
1.943000000000000000e+05
3.547000000000000000e+05
6.680000000000000000e+04
1.224000000000000000e+05
5.770000000000000000e+04
2.420000000000000000e+05
1.840000000000000000e+05
1.401000000000000000e+05
1.560000000000000000e+05
1.672000000000000000e+05
2.237000000000000000e+05
3.613000000000000000e+05
2.706000000000000000e+05
1.350000000000000000e+05
1.194000000000000000e+05
2.387000000000000000e+05
2.782000000000000000e+05
1.603000000000000000e+05
1.513000000000000000e+05
2.033000000000000000e+05
2.350000000000000000e+05
1.697000000000000000e+05
4.750000000000000000e+05
3.539000000000000000e+05
1.070000000000000000e+05
2.063000000000000000e+05
4.830000000000000000e+04
2.330000000000000000e+05
2.795000000000000000e+05
1.322000000000000000e+05
9.430000000000000000e+04
1.772000000000000000e+05
1.403000000000000000e+05
6.880000000000000000e+04
1.924000000000000000e+05
3.312000000000000000e+05
9.030000000000000000e+04
2.717000000000000000e+05
1.603000000000000000e+05
3.880000000000000000e+04
1.673000000000000000e+05
1.148000000000000000e+05
1.113000000000000000e+05
1.500000000000000000e+05
2.062000000000000000e+05
5.000010000000000000e+05
1.028000000000000000e+05
2.175000000000000000e+05
9.380000000000000000e+04
1.375000000000000000e+05
3.156000000000000000e+05
7.040000000000000000e+04
1.467000000000000000e+05
3.668000000000000000e+05
1.464000000000000000e+05
3.369000000000000000e+05
1.523000000000000000e+05
1.153000000000000000e+05
1.568000000000000000e+05
5.550000000000000000e+04
1.920000000000000000e+05
3.070000000000000000e+05
1.425000000000000000e+05
2.523000000000000000e+05
1.968000000000000000e+05
2.625000000000000000e+05
9.160000000000000000e+04
5.000010000000000000e+05
8.620000000000000000e+04
1.259000000000000000e+05
2.833000000000000000e+05
6.210000000000000000e+04
1.391000000000000000e+05
4.500000000000000000e+05
1.250000000000000000e+05
2.568000000000000000e+05
2.915000000000000000e+05
1.507000000000000000e+05
2.113000000000000000e+05
6.060000000000000000e+04
6.920000000000000000e+04
9.380000000000000000e+04
9.030000000000000000e+04
8.600000000000000000e+04
1.836000000000000000e+05
1.854000000000000000e+05
2.938000000000000000e+05
5.000000000000000000e+05
6.500000000000000000e+04
1.224000000000000000e+05
1.578000000000000000e+05
8.310000000000000000e+04
2.549000000000000000e+05
5.920000000000000000e+04
1.635000000000000000e+05
5.950000000000000000e+04
1.585000000000000000e+05
6.910000000000000000e+04
1.183000000000000000e+05
2.359000000000000000e+05
4.480000000000000000e+04
1.188000000000000000e+05
2.582000000000000000e+05
1.367000000000000000e+05
4.467000000000000000e+05
1.846000000000000000e+05
1.129000000000000000e+05
1.146000000000000000e+05
2.079000000000000000e+05
5.000000000000000000e+05
1.434000000000000000e+05
1.730000000000000000e+05
3.788000000000000000e+05
3.250000000000000000e+05
6.990000000000000000e+04
2.539000000000000000e+05
2.072000000000000000e+05
8.810000000000000000e+04
1.132000000000000000e+05
1.375000000000000000e+05
2.139000000000000000e+05
2.365000000000000000e+05
7.130000000000000000e+04
1.524000000000000000e+05
1.609000000000000000e+05
2.133000000000000000e+05
1.932000000000000000e+05
1.125000000000000000e+05
1.744000000000000000e+05
1.235000000000000000e+05
9.280000000000000000e+04
3.333000000000000000e+05
1.925000000000000000e+05
1.043000000000000000e+05
3.339000000000000000e+05
1.532000000000000000e+05
1.181000000000000000e+05
1.459000000000000000e+05
3.679000000000000000e+05
9.530000000000000000e+04
3.505000000000000000e+05
2.584000000000000000e+05
3.500000000000000000e+05
3.118000000000000000e+05
5.000010000000000000e+05
4.414000000000000000e+05
1.667000000000000000e+05
2.143000000000000000e+05
9.690000000000000000e+04
2.682000000000000000e+05
2.751000000000000000e+05
3.091000000000000000e+05
1.819000000000000000e+05
1.473000000000000000e+05
2.548000000000000000e+05
6.210000000000000000e+04
3.659000000000000000e+05
4.770000000000000000e+04
9.030000000000000000e+04
2.031000000000000000e+05
9.890000000000000000e+04
2.510000000000000000e+05
1.303000000000000000e+05
2.065000000000000000e+05
2.521000000000000000e+05
2.097000000000000000e+05
8.010000000000000000e+04
1.545000000000000000e+05
1.531000000000000000e+05
2.402000000000000000e+05
3.250000000000000000e+05
1.573000000000000000e+05
1.608000000000000000e+05
9.920000000000000000e+04
8.750000000000000000e+04
8.870000000000000000e+04
1.611000000000000000e+05
2.118000000000000000e+05
1.060000000000000000e+05
2.618000000000000000e+05
3.768000000000000000e+05
2.588000000000000000e+05
9.930000000000000000e+04
1.705000000000000000e+05
1.559000000000000000e+05
1.865000000000000000e+05
1.099000000000000000e+05
2.079000000000000000e+05
1.641000000000000000e+05
4.833000000000000000e+05
1.701000000000000000e+05
9.590000000000000000e+04
1.265000000000000000e+05
1.875000000000000000e+05
4.960000000000000000e+05
1.381000000000000000e+05
1.137000000000000000e+05
5.000010000000000000e+05
1.625000000000000000e+05
1.860000000000000000e+05
1.008000000000000000e+05
1.757000000000000000e+05
5.000010000000000000e+05
1.528000000000000000e+05
2.375000000000000000e+05
3.500000000000000000e+05
4.853000000000000000e+05
5.310000000000000000e+04
1.517000000000000000e+05
1.094000000000000000e+05
5.000010000000000000e+05
2.699000000000000000e+05
2.273000000000000000e+05
2.556000000000000000e+05
2.729000000000000000e+05
2.616000000000000000e+05
2.342000000000000000e+05
2.100000000000000000e+05
1.577000000000000000e+05
1.813000000000000000e+05
5.000010000000000000e+05
1.597000000000000000e+05
1.938000000000000000e+05
1.708000000000000000e+05
1.464000000000000000e+05
1.479000000000000000e+05
1.132000000000000000e+05
1.538000000000000000e+05
4.062000000000000000e+05
9.660000000000000000e+04
1.904000000000000000e+05
9.720000000000000000e+04
1.327000000000000000e+05
2.295000000000000000e+05
1.063000000000000000e+05
4.541000000000000000e+05
5.000000000000000000e+05
5.500000000000000000e+04
1.266000000000000000e+05
8.320000000000000000e+04
4.000000000000000000e+05
2.138000000000000000e+05
1.140000000000000000e+05
9.170000000000000000e+04
1.063000000000000000e+05
9.200000000000000000e+04
1.839000000000000000e+05
4.560000000000000000e+04
1.675000000000000000e+05
2.281000000000000000e+05
1.505000000000000000e+05
1.125000000000000000e+05
1.821000000000000000e+05
1.361000000000000000e+05
1.892000000000000000e+05
5.000010000000000000e+05
1.801000000000000000e+05
1.580000000000000000e+05
5.000010000000000000e+05
1.250000000000000000e+05
1.170000000000000000e+05
1.356000000000000000e+05
2.206000000000000000e+05
2.000000000000000000e+05
1.145000000000000000e+05
4.290000000000000000e+05
1.693000000000000000e+05
9.920000000000000000e+04
2.881000000000000000e+05
1.858000000000000000e+05
2.802000000000000000e+05
1.663000000000000000e+05
1.350000000000000000e+05
5.000010000000000000e+05
9.000000000000000000e+04
2.667000000000000000e+05
1.650000000000000000e+05
1.741000000000000000e+05
5.000010000000000000e+05
2.551000000000000000e+05
1.443000000000000000e+05
2.194000000000000000e+05
2.752000000000000000e+05
1.031000000000000000e+05
1.279000000000000000e+05
1.430000000000000000e+05
1.679000000000000000e+05
1.578000000000000000e+05
2.375000000000000000e+05
1.008000000000000000e+05
2.964000000000000000e+05
3.127000000000000000e+05
1.396000000000000000e+05
2.656000000000000000e+05
2.402000000000000000e+05
1.885000000000000000e+05
5.080000000000000000e+04
1.347000000000000000e+05
3.574000000000000000e+05
7.900000000000000000e+04
8.930000000000000000e+04
1.650000000000000000e+05
1.473000000000000000e+05
1.839000000000000000e+05
1.732000000000000000e+05
3.326000000000000000e+05
1.858000000000000000e+05
1.740000000000000000e+05
3.937000000000000000e+05
2.473000000000000000e+05
2.900000000000000000e+05
5.000010000000000000e+05
1.468000000000000000e+05
5.000010000000000000e+05
2.618000000000000000e+05
1.123000000000000000e+05
9.000000000000000000e+04
1.391000000000000000e+05
6.970000000000000000e+04
1.515000000000000000e+05
2.052000000000000000e+05
3.052000000000000000e+05
3.500000000000000000e+05
5.000010000000000000e+05
7.120000000000000000e+04
1.991000000000000000e+05
1.281000000000000000e+05
2.952000000000000000e+05
1.951000000000000000e+05
8.070000000000000000e+04
1.462000000000000000e+05
2.426000000000000000e+05
2.667000000000000000e+05
5.000010000000000000e+05
2.231000000000000000e+05
1.006000000000000000e+05
1.726000000000000000e+05
3.500000000000000000e+05
1.250000000000000000e+05
1.473000000000000000e+05
8.440000000000000000e+04
5.000010000000000000e+05
1.417000000000000000e+05
1.183000000000000000e+05
2.126000000000000000e+05
1.273000000000000000e+05
3.702000000000000000e+05
1.161000000000000000e+05
3.200000000000000000e+05
1.566000000000000000e+05
8.790000000000000000e+04
1.814000000000000000e+05
1.319000000000000000e+05
3.341000000000000000e+05
2.354000000000000000e+05
1.131000000000000000e+05
3.431000000000000000e+05
1.944000000000000000e+05
8.300000000000000000e+04
1.000000000000000000e+05
5.000010000000000000e+05
1.475000000000000000e+05
2.514000000000000000e+05
7.530000000000000000e+04
3.204000000000000000e+05
1.426000000000000000e+05
2.938000000000000000e+05
2.176000000000000000e+05
1.079000000000000000e+05
2.675000000000000000e+05
1.927000000000000000e+05
1.846000000000000000e+05
2.583000000000000000e+05
5.340000000000000000e+04
1.727000000000000000e+05
1.188000000000000000e+05
1.183000000000000000e+05
2.233000000000000000e+05
2.146000000000000000e+05
1.625000000000000000e+05
2.726000000000000000e+05
3.679000000000000000e+05
3.477000000000000000e+05
1.410000000000000000e+05
2.432000000000000000e+05
5.460000000000000000e+04
1.950000000000000000e+05
2.292000000000000000e+05
5.000010000000000000e+05
2.443000000000000000e+05
1.385000000000000000e+05
2.202000000000000000e+05
2.380000000000000000e+05
3.897000000000000000e+05
1.495000000000000000e+05
2.598000000000000000e+05
1.068000000000000000e+05
4.790000000000000000e+05
2.943000000000000000e+05
7.660000000000000000e+04
1.631000000000000000e+05
3.347000000000000000e+05
1.815000000000000000e+05
1.742000000000000000e+05
2.523000000000000000e+05
1.058000000000000000e+05
2.196000000000000000e+05
7.040000000000000000e+04
5.000010000000000000e+05
4.504000000000000000e+05
2.102000000000000000e+05
2.018000000000000000e+05
2.500000000000000000e+05
5.000010000000000000e+05
1.023000000000000000e+05
2.897000000000000000e+05
5.570000000000000000e+04
1.841000000000000000e+05
2.028000000000000000e+05
2.354000000000000000e+05
9.170000000000000000e+04
1.932000000000000000e+05
1.968000000000000000e+05
4.596000000000000000e+05
2.687000000000000000e+05
7.020000000000000000e+04
1.748000000000000000e+05
1.481000000000000000e+05
4.184000000000000000e+05
1.320000000000000000e+05
3.100000000000000000e+05
1.640000000000000000e+05
1.755000000000000000e+05
2.418000000000000000e+05
1.079000000000000000e+05
8.280000000000000000e+04
1.842000000000000000e+05
1.546000000000000000e+05
1.408000000000000000e+05
3.975000000000000000e+05
1.339000000000000000e+05
1.899000000000000000e+05
8.130000000000000000e+04
2.792000000000000000e+05
1.152000000000000000e+05
8.130000000000000000e+04
1.753000000000000000e+05
1.409000000000000000e+05
2.458000000000000000e+05
6.470000000000000000e+04
1.958000000000000000e+05
1.330000000000000000e+05
1.089000000000000000e+05
7.110000000000000000e+04
2.460000000000000000e+05
2.352000000000000000e+05
6.130000000000000000e+04
9.170000000000000000e+04
8.850000000000000000e+04
1.865000000000000000e+05
5.000010000000000000e+05
3.167000000000000000e+05
2.713000000000000000e+05
5.000010000000000000e+05
2.206000000000000000e+05
2.225000000000000000e+05
1.375000000000000000e+05
5.410000000000000000e+04
2.058000000000000000e+05
1.740000000000000000e+05
2.149000000000000000e+05
1.726000000000000000e+05
3.726000000000000000e+05
1.373000000000000000e+05
5.200000000000000000e+04
2.144000000000000000e+05
5.000010000000000000e+05
1.034000000000000000e+05
2.664000000000000000e+05
4.186000000000000000e+05
9.880000000000000000e+04
3.125000000000000000e+05
1.141000000000000000e+05
1.829000000000000000e+05
2.575000000000000000e+05
1.064000000000000000e+05
1.784000000000000000e+05
4.559000000000000000e+05
1.100000000000000000e+05
1.974000000000000000e+05
7.470000000000000000e+04
2.271000000000000000e+05
1.649000000000000000e+05
4.385000000000000000e+05
7.460000000000000000e+04
5.000010000000000000e+05
4.229000000000000000e+05
4.636000000000000000e+05
2.006000000000000000e+05
2.090000000000000000e+05
2.051000000000000000e+05
1.323000000000000000e+05
1.703000000000000000e+05
1.250000000000000000e+05
2.745000000000000000e+05
5.000010000000000000e+05
1.882000000000000000e+05
3.469000000000000000e+05
2.248000000000000000e+05
2.266000000000000000e+05
2.901000000000000000e+05
1.421000000000000000e+05
2.221000000000000000e+05
2.854000000000000000e+05
5.000010000000000000e+05
1.459000000000000000e+05
1.036000000000000000e+05
5.000010000000000000e+05
9.280000000000000000e+04
9.500000000000000000e+04
1.397000000000000000e+05
2.146000000000000000e+05
1.500000000000000000e+05
5.750000000000000000e+04
1.537000000000000000e+05
5.000010000000000000e+05
1.921000000000000000e+05
7.320000000000000000e+04
1.728000000000000000e+05
2.000000000000000000e+05
5.000010000000000000e+05
2.792000000000000000e+05
2.436000000000000000e+05
3.356000000000000000e+05
2.289000000000000000e+05
1.620000000000000000e+05
2.176000000000000000e+05
2.195000000000000000e+05
2.037000000000000000e+05
4.690000000000000000e+04
1.130000000000000000e+05
9.730000000000000000e+04
5.430000000000000000e+04
3.793000000000000000e+05
1.733000000000000000e+05
1.938000000000000000e+05
6.560000000000000000e+04
3.770000000000000000e+05
4.022000000000000000e+05
2.427000000000000000e+05
2.496000000000000000e+05
1.759000000000000000e+05
1.081000000000000000e+05
4.700000000000000000e+04
1.543000000000000000e+05
1.213000000000000000e+05
2.450000000000000000e+05
2.713000000000000000e+05
1.985000000000000000e+05
2.188000000000000000e+05
2.554000000000000000e+05
1.375000000000000000e+05
1.250000000000000000e+05
3.226000000000000000e+05
1.624000000000000000e+05
2.700000000000000000e+05
5.000010000000000000e+05
3.757000000000000000e+05
2.395000000000000000e+05
4.183000000000000000e+05
5.970000000000000000e+04
1.161000000000000000e+05
5.000010000000000000e+05
3.190000000000000000e+05
2.611000000000000000e+05
1.639000000000000000e+05
2.670000000000000000e+05
3.319000000000000000e+05
3.000000000000000000e+05
2.411000000000000000e+05
1.625000000000000000e+05
1.141000000000000000e+05
1.333000000000000000e+05
2.734000000000000000e+05
3.060000000000000000e+05
6.550000000000000000e+04
1.958000000000000000e+05
1.875000000000000000e+05
3.422000000000000000e+05
1.874000000000000000e+05
1.040000000000000000e+05
1.352000000000000000e+05
2.256000000000000000e+05
2.531000000000000000e+05
1.320000000000000000e+05
1.726000000000000000e+05
1.125000000000000000e+05
1.675000000000000000e+05
1.240000000000000000e+05
2.296000000000000000e+05
5.290000000000000000e+04
2.060000000000000000e+05
9.610000000000000000e+04
9.260000000000000000e+04
2.293000000000000000e+05
3.000000000000000000e+05
1.695000000000000000e+05
8.160000000000000000e+04
2.500000000000000000e+05
2.364000000000000000e+05
1.094000000000000000e+05
1.072000000000000000e+05
5.000010000000000000e+05
9.640000000000000000e+04
1.250000000000000000e+05
2.878000000000000000e+05
5.910000000000000000e+04
3.369000000000000000e+05
1.423000000000000000e+05
2.297000000000000000e+05
1.722000000000000000e+05
5.000010000000000000e+05
1.905000000000000000e+05
4.269000000000000000e+05
1.107000000000000000e+05
1.138000000000000000e+05
6.290000000000000000e+04
1.711000000000000000e+05
1.632000000000000000e+05
2.674000000000000000e+05
3.105000000000000000e+05
1.475000000000000000e+05
2.394000000000000000e+05
2.835000000000000000e+05
6.750000000000000000e+04
1.903000000000000000e+05
4.511000000000000000e+05
2.781000000000000000e+05
1.125000000000000000e+05
8.950000000000000000e+04
1.929000000000000000e+05
1.483000000000000000e+05
2.570000000000000000e+05
9.920000000000000000e+04
2.571000000000000000e+05
1.704000000000000000e+05
1.054000000000000000e+05
6.930000000000000000e+04
5.000010000000000000e+05
2.406000000000000000e+05
2.713000000000000000e+05
3.867000000000000000e+05
1.707000000000000000e+05
5.000010000000000000e+05
1.840000000000000000e+05
3.250000000000000000e+05
1.674000000000000000e+05
1.733000000000000000e+05
1.379000000000000000e+05
7.350000000000000000e+04
1.310000000000000000e+05
1.650000000000000000e+05
2.698000000000000000e+05
4.000000000000000000e+05
2.038000000000000000e+05
1.582000000000000000e+05
2.446000000000000000e+05
2.707000000000000000e+05
4.763000000000000000e+05
4.340000000000000000e+05
7.310000000000000000e+04
8.790000000000000000e+04
4.980000000000000000e+04
8.310000000000000000e+04
1.657000000000000000e+05
6.720000000000000000e+04
3.333000000000000000e+05
2.450000000000000000e+05
9.300000000000000000e+04
1.911000000000000000e+05
1.083000000000000000e+05
9.570000000000000000e+04
2.623000000000000000e+05
2.854000000000000000e+05
1.458000000000000000e+05
5.830000000000000000e+04
1.153000000000000000e+05
2.010000000000000000e+05
1.404000000000000000e+05
2.845000000000000000e+05
1.829000000000000000e+05
2.202000000000000000e+05
2.183000000000000000e+05
2.324000000000000000e+05
1.059000000000000000e+05
5.000010000000000000e+05
1.397000000000000000e+05
2.664000000000000000e+05
2.000000000000000000e+05
1.276000000000000000e+05
1.906000000000000000e+05
3.744000000000000000e+05
4.000000000000000000e+05
2.250000000000000000e+05
6.240000000000000000e+04
1.819000000000000000e+05
2.495000000000000000e+05
5.000010000000000000e+05
2.289000000000000000e+05
2.819000000000000000e+05
5.000010000000000000e+05
7.040000000000000000e+04
2.450000000000000000e+05
1.879000000000000000e+05
3.433000000000000000e+05
2.177000000000000000e+05
1.531000000000000000e+05
4.760000000000000000e+04
1.845000000000000000e+05
2.095000000000000000e+05
5.000010000000000000e+05
4.022000000000000000e+05
8.470000000000000000e+04
5.560000000000000000e+04
1.328000000000000000e+05
8.960000000000000000e+04
1.875000000000000000e+05
1.136000000000000000e+05
1.659000000000000000e+05
2.121000000000000000e+05
9.500000000000000000e+04
1.735000000000000000e+05
1.341000000000000000e+05
3.353000000000000000e+05
4.450000000000000000e+05
5.000010000000000000e+05
3.258000000000000000e+05
4.199000000000000000e+05
1.619000000000000000e+05
2.250000000000000000e+05
2.228000000000000000e+05
3.561000000000000000e+05
1.938000000000000000e+05
2.523000000000000000e+05
1.007000000000000000e+05
5.360000000000000000e+04
3.341000000000000000e+05
7.410000000000000000e+04
3.522000000000000000e+05
1.031000000000000000e+05
1.582000000000000000e+05
9.940000000000000000e+04
1.250000000000000000e+05
9.610000000000000000e+04
3.767000000000000000e+05
1.500000000000000000e+05
1.710000000000000000e+05
1.864000000000000000e+05
2.436000000000000000e+05
3.436000000000000000e+05
7.260000000000000000e+04
1.818000000000000000e+05
2.365000000000000000e+05
8.060000000000000000e+04
1.522000000000000000e+05
4.202000000000000000e+05
1.738000000000000000e+05
9.220000000000000000e+04
9.730000000000000000e+04
2.353000000000000000e+05
3.319000000000000000e+05
5.990000000000000000e+04
2.544000000000000000e+05
2.716000000000000000e+05
2.306000000000000000e+05
7.070000000000000000e+04
2.561000000000000000e+05
8.000000000000000000e+04
2.438000000000000000e+05
9.250000000000000000e+04
1.382000000000000000e+05
4.813000000000000000e+05
1.692000000000000000e+05
1.298000000000000000e+05
2.197000000000000000e+05
