2.149000000000000000e+05
8.280000000000000000e+04
9.940000000000000000e+04
1.818000000000000000e+05
1.590000000000000000e+05
2.568000000000000000e+05
2.781000000000000000e+05
5.200000000000000000e+04
1.132000000000000000e+05
1.145000000000000000e+05
1.136000000000000000e+05
1.733000000000000000e+05
2.221000000000000000e+05
9.380000000000000000e+04
1.620000000000000000e+05
3.539000000000000000e+05
9.720000000000000000e+04
3.788000000000000000e+05
9.030000000000000000e+04
8.130000000000000000e+04
4.559000000000000000e+05
2.353000000000000000e+05
1.323000000000000000e+05
4.186000000000000000e+05
7.920000000000000000e+04
8.620000000000000000e+04
9.430000000000000000e+04
8.850000000000000000e+04
4.269000000000000000e+05
2.901000000000000000e+05
2.560000000000000000e+05
2.664000000000000000e+05
1.839000000000000000e+05
1.874000000000000000e+05
9.720000000000000000e+04
9.220000000000000000e+04
1.404000000000000000e+05
1.423000000000000000e+05
6.550000000000000000e+04
1.310000000000000000e+05
9.610000000000000000e+04
2.365000000000000000e+05
5.000010000000000000e+05
1.625000000000000000e+05
1.603000000000000000e+05
2.330000000000000000e+05
1.578000000000000000e+05
2.720000000000000000e+05
